$ANSIBLE_VAULT;1.1;AES256
62616438363861303464613137306564346264353637663630363939636237393433363434376536
3634366236356266626134633430373038386431613733340a323962653837633932633230333562
64626336646362393833383762633439636136343866623331313239633533333833366433643731
3334386666633636300a326237383462656162373338663962346131333036613735303939643531
35363332616135653433656233666366306133366130363664306533333136383966616666363530
39383965656463396539396361633131383066663234313732393565396436316230373137663165
62306638373364646236323036383263363839666537636464343236663563333232386135353162
38306139373866663438336430316137633331393633326538613663633539333130393438313831
34313137313130363734643265316235323730303339666563393064363439663762356439633338
30316431396334386330376133326564363464646265336435333965393762316662636362373435
33346130366261333061373833363661326231396633333738343666353966653133306430663139
64616135366461663864626264313462663738613133356434316234353864386362653335613737
65643363323333333939373437633834306463316335333934643964346262346161306534393462
66616230316232303033316562393234326264643936393939626634316663656339343637643330
66353034623963346130616239636332373230363465373531646430396539653431313831643666
30633864643064636332376130636239633738656664653132306433666138313561626232373838
31383432643463306264393864356335333861356335333363323731613136316564656137326366
30626536376131636663626563343737306431376634366537393431313762633936363035613237
64653963616463373436613961336661633530366631346337343263313134393435363531636166
33666235623130633164643735376639356265303566663065613137386461653535306537636261
39643865336437366530383431333532386639373364643133663065613866363239343235656330
64633465323238353236353939633836643132363834323537633537383035316262633664633430
61333532623939336566646330646639326232346632326264313535623430306661663762306133
32336164303239323361616237313537376633643034303532313364373835386233393232643831
39643237383863666233626237333739366530663736373439663764653434303030663432636466
39303333306539393137346662386631663736383862366334353263663233643537643133626462
33613031653832353461303361633233353863633736633738343930343533636337666131373036
61653435613337313031646130333431616163376430343861373536636637353139393038383530
39623063323730313232363132313837336666373930663661326330366636666230636662623134
35316364623964366435323661306533643266393733633466656133656163646335393566306565
38623532616330313539656461353532346264373434386363356166346562636261653166383934
33333661666165323334333263653865643733306133653863353937613862616463663363363965
31326566316538623631306364356437353832323833653437333634343765633561396461636664
63636232376233633932613963643236343932633436653965396361653166303564343935623065
62393036353536656431663430643436623532353066643532333034306462616533353863616435
64393334636432343463396266323566363138316238313061633363343365303134356163383665
37636233366337626161383533396339323330303235613162663438393835313939646230373638
30323537303361643531356330376432646433633130343262613137636430363838353931383735
64393638653432356632396463306230343733316531306365366434343866363237623432363964
35313337613338383362393132663536333964313061303466303239346631613838333135643539
37643632353034393437336334356664313937353236303035306133626463366533386335363035
64333835393931666238393134393538333439353536653634663435653862386337623336626361
62613264316664336531623065363565363737336463623463373339326165623538353035383838
32363630613533323030353961636437383334363765653764316463393962396632633338343166
32613866346238333461346235343633643832646432376639323963666265666661616261656634
34353332633462613462366137383961393234356433666661333132343964333162656662313232
31626264393265616638373563656262396463636332306231323862663837333435613230653665
32356537616365363564643865613738383932363433343736336430323063383733343264343566
31336131303332656265363462373861333764396339623762303565376530376338396265666138
37366233653932616636353934346139313138373065343231323165393366353366373135356438
34323139616531626363376464616633653431316230626230333832623039383634323930663733
31616231333333323930343062623865623865646330626330383166363535646361376236613864
66343037646236646138376565366265303066666164303863616537396433356437373430633430
34313437363966306638383333613239633632306332313261356532303030643438383830363033
65613739363964346365303537313566613831613534623632636130306362346137346136353564
62376531366239646537363335633332613865386334323666363433343132323636333532333764
66336236663332643238323164366464386463616332326437366364666330316164336361373364
39333262616462626561353566613066353233326332323937646461363964383262333233313533
32633663303936623034623330353933396632373936373133653061656232383038373730356132
64396436636630666535353034326261363433313066353333376633326632353066323862316239
65373735323535326665663338333666356534336331356265356636366437303437346137376536
61353830626537386431343038383936346536666532646137343037393737363132306436393730
30316330646233303663633733646534333038313736666538363661616338626665363263616262
36383335356233346335616234323061353335613836653939643033313161336136383338636566
66326661643663346661343664333832376335316233316435386533646637666166383062366633
32393237393532636135653666393434616262633235653239636665626637366136393731306134
65313235303433626539653665666135393261326365363362653439393835323230346661333732
66633564313035306462346561313931333234353961623937356162363831393338393333613333
31646439353432396164313233393436626537363434636363656333643037616365646537643562
33653331386262666636373965313036373265626434303331353037363732396163623938663962
65356538633634343263393432343539313234373838376263343032666238643231643639376266
39613632623338663561373364616562623434653434626230333535373537666364643836373762
39616433346565663238316430366264663230646332393830373363306337373261373330636463
66633736363437653266376532333666623365336437313966663965346362356632353835343130
64333838303565643132323737643336666131363166333364646635333530636231373562396564
33383631353938633733643962646664613330323632653763623936626362376333666564316263
64656439303535633732326665653938386564313362366239333961666630613165613066643730
61306130623062653534336231383637386132343135306136333234376337383363306164393933
36383263666134363739323264613361326534303733663934663462366664326532373134396432
36343833363663626231626364333061616634646561373137663636333134396238343138626162
39383534646438616438353130626231386361613830626164386139326466356236316232316564
61373635353835386330366266646433363565366134316538353837646666313836323161643437
38376236626161363436343138323561633039343039653065333664626163666163346165653662
61316136666265386238623839633934396635313333323239373534336465353439663338393265
36666335333064343538356237666133653462386262373663323564666430326633636436376534
64633063656534623735646239623031663663306561393264306263323732326561353930306162
32313332306635313437343837353965323765373362653931393937396435373437373736386539
35393633306639333039343731623034303634626231343833326534356234653435616336323435
37346261373032383565616538396434313562383832333966396235353636323737643863303632
38653239653138353233653037366130336638626466333364653063356230646633396433313435
64633231333366656538363966383834613137343337376463333061636438323066393733626462
35613164373233303161396235353762616236633332386166656230666264393164643366613636
32373761653566366464306535623835383233346639393833613063353230366131393966333731
32646339653561306666393835316331626634666134653233623332303962393033323335633561
37353135316365396662623066356337393033663661396539346466653262653739613235373639
63373066633265303536613463376134353366366334353231343066663239343232313138663064
63326335386263643437363833643232643962666638393437616362613063613862613537303933
36346538346632316238376430626466343863353837303964616436326439326263613931616663
64616139393732346436343131316135356461363266376564346535383033646134623134666363
33303938373063666265636330633939363063323866663833626534313630323333393137626430
66353337393462373633306433386466633239306434346633376365343437386138373035326335
33346163316266363161663733353030633930383065656333383331353963666134353364663537
34303166356131316139363031646634313232616137346337656134623065633731666539353339
65336430636535306236346132346332363261633734306134663131343038316531376562346563
31373730333962316231393036643631656237616239643539333339356666323035663030306135
62316461323239653263316264313230613636383962653462306262366338666531636461643635
31303765633431653237663862393738376632343561316637663139643363386139343537343931
38653965373966333662626261663933663235303566626532356563306435613065653532353164
65653865613661633261646332633261383834393734316135636233623031653836306235303432
65313136393139373033626235396663323931633136626565623336303433326466303634623935
35633631633535316631636231336466626632376239353933383031626164396137356332386432
62376437373339346335653931326335323730333930336136613937643637333430373365633735
36653233323361313232643261386633643165353932336439663965326236383736613062313965
32366464633630636538343764376135363232396236613236306161353330613661306630383234
35366139633265623933663239623634613363636361376238396130333434663334346663626632
36323731306363373563373765616232373163336163373262633938353564316233366239303165
31653065373239626561646231346335303933336364346235396137356331373431616165393332
34656635303835643136643063316537393934383432323334346639363461383366653536353137
62613532323363613938363433316436626230333063663933663864383165613836653931666365
38646634636636383634373566356564656131396635323235336237616161643536326363376437
66353531336531316434326662343733313030396636336461643738623338626535623738653865
39373565323032326562313137363631343434333037333461333361663436326333393231613165
33363931643934383537646339383761316463393162313338616362633033633937366636363061
30656338386361343539396464373035326632646339363963663137656662623337643562323737
32653533656530316137346363613130306166623331656531306663643766393632386132313735
65323535386637623131353935666261313137323561353234383762343437343835303136353332
36663661353737313534336333356336313366623566313732383730653866653032646536333264
38313636363032646633653337643732323237323036663364666664346631383965646661323634
39303937666463343364373837363563316236313834353863353939386239333032393235396239
63383739333962363664666363363262666631373565646136306131326563396462326465663039
63613864363136613166346561656437366631373939663630343561663337326462393736316138
30303735306635643935356564323164333635646635623431343736656439666333666535656365
62643330613834353966303238343437323365373432323962353662333339383239646361366631
6362393362383266646535336165303134346466363032356565
